$ANSIBLE_VAULT;1.1;AES256
35313665653339356134626436633836613265356261633566666462656337386461643037363137
6435663131633963653561636636313863353733396139330a393232303762633038333362336365
39376634386335343666393664353064346530393766616163313935313835643732393764363630
6534613263643963350a363662316639333738613130633839663230323731303632306164346638
63393466316432383739396463323766383839656432313364656232336639313132316434663264
30373637663465383063643166643261646638663263633135333065346330633533323239303166
65646265633139376532356437383235393231653366356166366264346634623437646138343063
34366563666239363137373962303438616435363538333765663165313933653363396435363465
63323537383961663030366238643839373964663864656235376132616637643535316332633634
30653334323266393064336238393566613262663764323935343632666430313266653666663330
66663762313465323134323066306262313331376230396234613139353462336266373165353231
63373865363163383730366638646266666161333536653439383562326264623335623963353666
66313439653032643734363439306439386138323863643464623534656230353963616238646438
61643832343437623165383437623533383935326634343538396464353335303737663061626639
66386239333836306430666365393033656366376564636661346234383764653466643632383435
38363033303164636261316139333930383836613065343165636237663038313236616561626666
66343430626338376664666337643734623030383635356539353731373166363034373136363437
64303866623861313064336335613933323636633036373266313332633335393763326132366638
63323736623962393938303764336266656633616263633662656438633534383037393864313863
62663266653934623161306636363737643436663730366364613162626535613737366232343665
34316265383461363261643039386266646630326332383363363438643037343432613265373536
34323734366432303831626231333630393933383265646538336261643938313262326564326465
32303337393935336636613735633964326437323133323834383062663932353230666364343938
32653330323534633332646339623637356134346431613162383530303765376130356338633534
32383761633534633832623662313039346330613731313638363435353330666633336235303834
30313734326339653666656266343966373233373938666262373237363366663166326163373966
61346265383265343962396636303865666163656434323630303334626136666661643732323135
31343231373165616434356561656436333936663436656434653862653964306535326461643936
39376633633133326131363934353561663039366136336463393936313761346161636234363130
63336135623539663763643138393466383161386462663262333063363134323466623430383339
34656136623961393632373164633434313866343539626664376634613761353666376636306162
39646464303062636362646165303439373365373131376263646165663161366235333137616532
30383331343934376434653030386661623438323038613333616261653839303463353039373231
31613063623039653466663663353263653461386262323437616563633931343835356636613265
33343232343833343139613233653563623637326437613434643835393765626561643935353363
62316632313465303365346136613365636438656637633139356337343832313062363636363962
33343230363234396530303638626438303332613835626132363162333830656136366330306535
39633230653339663836646639376330333235653466376330363038303362663632396361666361
32303462643064623433616437356335316630373631356266346463326466343336653634303331
66323733633537666464386339323133393163303636323264626662653464386433653738306131
37376336613234306631306465353534303435366663643761333765346636316235393932653634
31363365326261396130353363306634323237363736363165633432393436313563383734643539
65386231663766623834613939303666616139336666636233633036646134663363613739396163
38623431363337646261653762653361353834653534643664376265323332393766313461323762
34646139666161653766366366383036623538333437386130306538326233313034656237393239
62393963623936616133353965326533363465626139323366666463313631386336336433303639
37333733633639393131326337376466666362393039303338326637376136373066653636353364
32633539626132613631373931633734663338383237353165363337383962333966386631333334
62646138633535306663396638663466306166636537393235323533653563373635383337626262
32346562336335356534373166643064663635626638633030613238326632333764323735653531
36663531306166383565336233353836653165376366343566633266626130343238656334633965
37346539383563653536376538393164623734383761333564383561316332626237396233633634
65313235656537646332303962343634383364396161343732306364663464383866626432646664
65313734616639616131636265653936316665396562366335303461636361393339303730303264
63353333333663663938316433313734336137386630333131336530366361306430343131303265
35613037636332303138643263366334393630666233313630643837356239356236303430626533
32346634613737386537666165663934633366363639306463643038313233663566386139326663
37323535366335323636333864343530656164663638646466356431666563653336303633663666
64386331343365656366363632313537633261346363313830396666333834373439666665323063
34303236653465373530636665396432323962306661623463323564353235633934616465323439
35643864646462383431383336373466633162383635373065656234666639323866393531316563
35653063616139326332393431366262653839613239313138323262336634353766643965633737
36666235663138303931636630363139663830316661373966396237666335326664346238663832
37363262393035343030326334616164323662613836373334353331343765383630386236613665
30336133626535353366656235386162373534323131303839316365643331623664383761313430
64363530313530343062653661386362383931303737636533343031353732356137336462373866
31363030643662633031376335613335396432633765376237343632316539373866396665656439
36636537653030303331393163323261336131326166396465313632663034613938373732303531
64386366376136663765653333393737316534346438376436636266626435373232383262633265
30356431373861383636646533386462653363633036663635366663626331666162643637346233
31383336316638636431363935393964323363366631616333656436313064393762643236323537
32333735383166623430663137613137346139643533646231343564393234376534623439666236
36313338346131343765623532366161366262323363643761363834336263306463323432366432
38643663643331623561643734376134363936346233663664656330636664343236326162366366
33393062386562303362333461646430393963316462633362376464313635323530303738656134
62636432333731643137346233386561353161653365636139376461336564356134373735366538
64393331616535646135633335343664353436313366613035663565613263633965366630643631
35653836613065376636643362396235333664623739646161356630333936353637303235323534
66323362313138386532353763353866303932636233306138313261323661333931656365643165
37666562333637366266356566666266636165363063386662336665613839383438383336666639
35313266303631353837616464356239643761626636656231613130616231323066323662336539
30333966393735653037336336333335663361363739666165343632663837616361353035633035
32386665653963613131313135363261663538616666323837366562626531393632393561306139
37393834373830653831663963626637313065356239633937363831623266343062393237323433
36323765643332376464333530336662353532353162323338666366643762303761346361616233
35623665663264343038363335643033653733303330393935363765616561336261616636363036
35613265323737326165633131613931303261626661373235303763346439633033396234643964
39643763643130306138356632643233303435363966313937643839366461623236363239653563
66666539643765653835343363306261353761663063653461363365653537376337373466653038
31323536636266323938643639653666643833363439643966633135653433326161376335643339
61353062373631383664306337316337313161333265326364333133333139393535366433393638
35623066396437333064393431383265666438373563386631653439356666323638316136323737
31333561366337636131333334633338323433333232396631633331633334383631653438333535
34653037613563306337626636333739333536646564613462333533363261313431303164346261
64326532666431646566343233323364633166386631316539366231316534396165353639666262
35383735303030616666623664326433303637366465393538313638633631336239333039326338
31383762653763666533393866643166373335373737366137616364363037303135373638353535
66363139633336663234643263656638643238393938333238373133643337623865653463326532
37653030343239633034373139346137346139316134353366613333363161353666653436326461
32666232333437653737323835653738303134646632386532613765626437643330396630323166
63313238366566333031323939386462643636323233663232633439333132613839343566616565
39653564306363366161386438313062626466633736303562623532323066303764386266633932
62346631663838656662303362323266326165306132303466623461313034376164323666313935
30363663343462643037376665656562386436373166383734623530353836383365666430633433
34646533613833373865663835393936343163623939396463633639646239663738636435643439
31363532386638623862313365383566366236353164343037663439643931646135353431643465
63353437636438343330633830643438623230343937393837626261316439373666396330333730
38653834323731363134323763333637303039303034373865356265643336356265663233303337
38313761643237613962353137623130393332313338306336396165313334653938356130376561
35636336393632383635343832666131303265646262316339623432346132366537643035373038
66346661646130356431633034303461623136373430346233393463626631636336346165366265
33306437653065623034633962343762303831623837326238393034633731663761363164346266
61366133326538363462326237653262643662326631366239646164363863653735613639383134
33386462333863336538306636363764636438303234303162633164393065326361653032326435
33396664346362363339616332623439396563633239633532373632303935353935396234316266
65353163383964376332663139663736663065623137336463666533336438616638626139323762
64643135363130396165346430626161643731316334666263363134613132313832653232326639
65613232656632646265373365303333336136303063613238623732353364336330343731343630
61323266393030383833333930646163653338383637613965333237343933383530346162353935
39663237306563393534653935316630393339376361646362346566323239623064303465346230
36353136386239653461623736653666343133313930366636653466656365333537633636613834
30666165393861306333666562663664646330343239373837393232633332636230616130336662
35623831373631663063633930313134346533363130623138623331623939393239303138373339
34336663323764316537623737623232626462386661373763646537393939643463616364363766
37326639313934383039636561386163383261383838336364626330306432656434616139383633
65343362386239373665656263386139353566376665653461613565333430656434363035383437
35376363643632356434376266383733393438626163373461353637363332356465393533643033
36376462343638663530326439653031363035323761303362366436643164353533383938333534
36616462636363393734383433613033623535666431626566386563646232636434326434386664
37643166636430323236333333636364663639326362383765323166613265623137323531633661
65613135316266386337643030356565343033326230653766396431643463343232343262386365
66303664623938666535356534653336643862373035353464646337313932336665663834333064
30323339656531623831336264643064353164666666363562663436373433653466343963626636
3064333163393933383633393939386334313463393039383166
